﻿"Dato","Kumulativt antall","Nye tilfeller"
"21.02.2020",1,1
"22.02.2020",1,0
"23.02.2020",1,0
"24.02.2020",1,0
"25.02.2020",1,0
"26.02.2020",1,0
"27.02.2020",1,0
"28.02.2020",1,0
"29.02.2020",1,0
"01.03.2020",1,0
"02.03.2020",2,1
"03.03.2020",2,0
"04.03.2020",5,3
"05.03.2020",5,0
"06.03.2020",5,0
"07.03.2020",6,1
"08.03.2020",6,0
"09.03.2020",9,3
"10.03.2020",13,4
"11.03.2020",14,1
"12.03.2020",20,6
"13.03.2020",25,5
"14.03.2020",26,1
"15.03.2020",27,1
"16.03.2020",30,3
"17.03.2020",33,3
"18.03.2020",35,2
"19.03.2020",39,4
"20.03.2020",55,16
"21.03.2020",60,5
"22.03.2020",74,14
"23.03.2020",93,19
"24.03.2020",103,10
"25.03.2020",124,21
"26.03.2020",134,10
"27.03.2020",149,15
"28.03.2020",154,5
"29.03.2020",157,3
"30.03.2020",163,6
"31.03.2020",168,5
"01.04.2020",174,6
"02.04.2020",180,6
"03.04.2020",183,3
"04.04.2020",185,2
"05.04.2020",185,0
"06.04.2020",188,3
"07.04.2020",190,2
"08.04.2020",191,1
"09.04.2020",192,1
"10.04.2020",194,2
"11.04.2020",198,4
"12.04.2020",201,3
"13.04.2020",205,4
"14.04.2020",206,1
"15.04.2020",211,5
"16.04.2020",214,3
"17.04.2020",219,5
"18.04.2020",224,5
"19.04.2020",227,3
"20.04.2020",229,2
"21.04.2020",230,1
"22.04.2020",233,3
"23.04.2020",233,0
"24.04.2020",234,1
"25.04.2020",234,0
"26.04.2020",235,1
"27.04.2020",239,4
"28.04.2020",242,3
"29.04.2020",242,0
"30.04.2020",244,2
"01.05.2020",244,0
"02.05.2020",247,3
"03.05.2020",248,1
"04.05.2020",248,0
"05.05.2020",250,2
"06.05.2020",251,1
"07.05.2020",251,0
"08.05.2020",251,0
"09.05.2020",252,1
"10.05.2020",252,0
"11.05.2020",252,0
"12.05.2020",252,0
"13.05.2020",252,0
"14.05.2020",253,1
"15.05.2020",253,0
"16.05.2020",253,0
"17.05.2020",253,0
"18.05.2020",253,0
"19.05.2020",253,0
"20.05.2020",253,0
"21.05.2020",253,0
"22.05.2020",253,0
"23.05.2020",253,0
"24.05.2020",253,0
"25.05.2020",253,0
"26.05.2020",253,0
"27.05.2020",253,0
"28.05.2020",253,0
"29.05.2020",253,0
"30.05.2020",253,0
"31.05.2020",253,0
"01.06.2020",253,0
"02.06.2020",253,0
"03.06.2020",253,0
"04.06.2020",253,0
"05.06.2020",253,0
"06.06.2020",253,0
"07.06.2020",253,0
"08.06.2020",254,1
"09.06.2020",254,0
"10.06.2020",254,0
"11.06.2020",254,0
"12.06.2020",254,0
"13.06.2020",254,0
"14.06.2020",254,0
"15.06.2020",254,0
"16.06.2020",254,0
"17.06.2020",254,0
"18.06.2020",254,0
"19.06.2020",255,1
"20.06.2020",255,0
"21.06.2020",255,0
"22.06.2020",255,0
"23.06.2020",255,0
"24.06.2020",255,0
"25.06.2020",255,0
"26.06.2020",255,0
"27.06.2020",255,0
"28.06.2020",255,0
"29.06.2020",255,0
"30.06.2020",255,0
"01.07.2020",255,0
"02.07.2020",255,0
"03.07.2020",255,0
"04.07.2020",255,0
"05.07.2020",255,0
"06.07.2020",255,0
"07.07.2020",256,1
"08.07.2020",257,1
"09.07.2020",257,0
"10.07.2020",257,0
"11.07.2020",257,0
"12.07.2020",257,0
"13.07.2020",258,1
"14.07.2020",258,0
"15.07.2020",258,0
"16.07.2020",258,0
"17.07.2020",258,0
"18.07.2020",258,0
"19.07.2020",258,0
"20.07.2020",258,0
"21.07.2020",258,0
"22.07.2020",258,0
"23.07.2020",258,0
"24.07.2020",258,0
"25.07.2020",258,0
"26.07.2020",258,0
"27.07.2020",258,0
"28.07.2020",258,0
"29.07.2020",258,0
"30.07.2020",258,0
"31.07.2020",289,31
"01.08.2020",290,1
"02.08.2020",291,1
"03.08.2020",294,3
"04.08.2020",294,0
"05.08.2020",296,2
"06.08.2020",300,4
"07.08.2020",300,0
"08.08.2020",300,0
"09.08.2020",300,0
"10.08.2020",301,1
"11.08.2020",302,1
"12.08.2020",308,6
"13.08.2020",310,2
"14.08.2020",312,2
"15.08.2020",314,2
"16.08.2020",317,3
"17.08.2020",317,0
"18.08.2020",318,1
"19.08.2020",320,2
"20.08.2020",320,0
"21.08.2020",320,0
"22.08.2020",320,0
"23.08.2020",320,0
"24.08.2020",322,2
"25.08.2020",322,0
"26.08.2020",322,0
"27.08.2020",322,0
"28.08.2020",322,0
"29.08.2020",323,1
"30.08.2020",323,0
"31.08.2020",325,2
"01.09.2020",326,1
"02.09.2020",326,0
"03.09.2020",327,1
"04.09.2020",327,0
"05.09.2020",327,0
"06.09.2020",327,0
"07.09.2020",328,1
"08.09.2020",329,1
"09.09.2020",329,0
"10.09.2020",330,1
"11.09.2020",332,2
"12.09.2020",333,1
"13.09.2020",333,0
"14.09.2020",333,0
"15.09.2020",334,1
"16.09.2020",335,1
"17.09.2020",335,0
"18.09.2020",335,0
"19.09.2020",335,0
"20.09.2020",335,0
"21.09.2020",335,0
"22.09.2020",335,0
"23.09.2020",336,1
"24.09.2020",337,1
"25.09.2020",338,1
"26.09.2020",339,1
"27.09.2020",339,0
"28.09.2020",341,2
"29.09.2020",341,0
"30.09.2020",344,3
"01.10.2020",346,2
"02.10.2020",347,1
"03.10.2020",348,1
"04.10.2020",349,1
"05.10.2020",351,2
"06.10.2020",381,30
"07.10.2020",387,6
"08.10.2020",395,8
"09.10.2020",396,1
"10.10.2020",396,0
"11.10.2020",396,0
"12.10.2020",403,7
"13.10.2020",408,5
"14.10.2020",412,4
"15.10.2020",422,10
"16.10.2020",427,5
"17.10.2020",431,4
"18.10.2020",434,3
"19.10.2020",443,9
"20.10.2020",451,8
"21.10.2020",457,6
"22.10.2020",467,10
"23.10.2020",474,7
"24.10.2020",481,7
"25.10.2020",483,2
"26.10.2020",496,13
"27.10.2020",501,5
"28.10.2020",517,16
"29.10.2020",543,26
"30.10.2020",556,13
"31.10.2020",564,8
"01.11.2020",571,7
"02.11.2020",597,26
"03.11.2020",634,37
"04.11.2020",645,11
"05.11.2020",666,21
"06.11.2020",682,16
"07.11.2020",691,9
"08.11.2020",697,6
"09.11.2020",722,25
"10.11.2020",729,7
"11.11.2020",746,17
"12.11.2020",757,11
"13.11.2020",766,9
"14.11.2020",771,5
"15.11.2020",773,2
"16.11.2020",788,15
"17.11.2020",807,19
"18.11.2020",808,1